     0/299     2.48G    0.1324   0.02681   0.02516    0.1843        10       640   0.06884   0.04177   0.01315  0.001688    0.1172   0.02815   0.02063
     1/299     2.52G    0.1017   0.02679   0.01683    0.1453         3       640    0.7338    0.3437    0.2389   0.08116    0.0854   0.03303    0.0126
     2/299     2.52G   0.08593   0.02473   0.01225    0.1229         4       640    0.8398    0.3688    0.3676   0.08047   0.08102   0.02326   0.00879
     3/299     2.52G   0.08174   0.01837  0.009642    0.1097         3       640    0.7578     0.454    0.5659    0.2243   0.07061   0.01934  0.006911
     4/299     2.52G   0.08065   0.01603  0.008283     0.105         8       640    0.5203    0.5773    0.4906    0.1796   0.07107   0.01728  0.005879
     5/299     2.52G    0.0761   0.01516  0.007575   0.09883         2       640     0.592    0.6181    0.6276     0.258   0.07042    0.0164  0.005805
     6/299     2.52G   0.07463    0.0139  0.007007   0.09554         2       640    0.6297    0.5101    0.5425    0.1858   0.06852   0.01553  0.005103
     7/299     2.52G   0.07403   0.01336  0.006727   0.09412         2       640    0.6337    0.6656    0.5854    0.1947   0.06503   0.01517  0.005034
     8/299     2.52G   0.07232   0.01308  0.006432   0.09183         2       640    0.3329    0.4955    0.4048   0.08806   0.07983   0.01453  0.004672
     9/299     2.52G   0.07587   0.01283  0.006741   0.09544         2       640    0.4932    0.7283    0.4751    0.1112   0.07277   0.01472  0.004666
    10/299     2.52G   0.07277   0.01291  0.006435   0.09212         4       640    0.8816    0.7083    0.7401      0.27   0.06088     0.015  0.004573
    11/299     2.52G   0.06979   0.01238   0.00619   0.08836         2       640    0.7784    0.7056    0.7163    0.1843   0.06888    0.0147  0.004076
    12/299     2.52G   0.06819   0.01258  0.006109   0.08688        10       640    0.7963    0.5779    0.6102    0.1609   0.07084   0.01508  0.004181
    13/299     2.52G   0.06407   0.01257  0.005742   0.08238         7       640      0.89    0.7747    0.8482    0.3338   0.05407   0.01535  0.004441
    14/299     2.52G   0.06052   0.01146  0.005591   0.07757         4       640    0.8825    0.8316    0.8819     0.364   0.05504   0.01409  0.003733
    15/299     2.52G   0.06155   0.01242  0.005415   0.07939         5       640    0.9577    0.7619    0.8716      0.36   0.05576   0.01371  0.003952
    16/299     2.52G   0.05959   0.01181  0.005387   0.07678         2       640    0.8589    0.7482     0.756    0.2518   0.06002   0.01308  0.003599
    17/299     2.52G   0.05599   0.01146  0.005098   0.07255         2       640    0.9463    0.7908    0.8856    0.3908    0.0519   0.01402  0.003555
    18/299     2.52G   0.05575   0.01154  0.005302   0.07259         3       640    0.8404    0.8532    0.8742    0.3247   0.05691   0.01419  0.003356
    19/299     2.52G   0.05614   0.01157  0.005333   0.07305         1       640    0.8317    0.8524    0.8719    0.3536   0.05388   0.01331  0.003398
    20/299     2.52G   0.05561   0.01224  0.005524   0.07337         4       640    0.8703    0.7899    0.8376    0.4067   0.05126   0.01412  0.003736
    21/299     2.52G   0.05386   0.01116  0.005002   0.07002         4       640    0.8913    0.9147    0.9055    0.3733   0.05489   0.01532   0.00373
    22/299     2.52G   0.05382    0.0114  0.004989   0.07021         4       640     0.821    0.8524     0.831    0.4068   0.04859   0.01455  0.003615
    23/299     2.52G   0.05227   0.01091  0.004573   0.06775         2       640    0.8314     0.894    0.8447    0.4038   0.04831   0.01454  0.003594
    24/299     2.52G   0.05118   0.01098  0.004619   0.06679         4       640    0.8617    0.8949    0.9066    0.3625   0.05066   0.01391  0.003196
    25/299     2.52G   0.05259   0.01176   0.00452   0.06887         6       640    0.9193    0.8741    0.9034    0.4596   0.04489   0.01391  0.003417
    26/299     2.52G   0.05102   0.01099  0.004613   0.06662         4       640     0.953    0.8107    0.8881    0.4128   0.04812   0.01485  0.003586
    27/299     2.52G   0.05132   0.01131  0.005146   0.06777         4       640    0.9086    0.9155    0.9177    0.4236   0.04792   0.01318  0.003586
    28/299     2.52G   0.05091   0.01073   0.00484   0.06648         2       640    0.9205    0.8949    0.9019    0.4422   0.04562    0.0131  0.003655
    29/299     2.52G   0.04931   0.01141  0.004524   0.06524         7       640    0.9114    0.9365    0.9354    0.4666   0.04823   0.01498  0.003748
    30/299     2.52G   0.05029   0.01084  0.004398   0.06552         1       640    0.9739    0.8533    0.9176    0.4183   0.04954   0.01509  0.003691
    31/299     2.52G   0.04922   0.01064  0.004502   0.06436         2       640     0.924    0.9158    0.9037    0.4157   0.04843   0.01401  0.003481
    32/299     2.52G   0.04938   0.01049  0.004705   0.06458         4       640    0.9148    0.9147    0.9137    0.4578   0.04733   0.01363  0.003476
    33/299     2.52G   0.04877    0.0111  0.004711   0.06458         8       640    0.9191    0.9375    0.9267    0.4424   0.04426   0.01421  0.003092
    34/299     2.52G   0.04899   0.01068  0.004527    0.0642         4       640      0.87    0.8741     0.884    0.3557   0.05032   0.01505  0.003487
    35/299     2.52G   0.04924   0.01058   0.00445   0.06427         2       640    0.8829    0.8732    0.8384    0.3893   0.05041   0.01479  0.003409
    36/299     2.52G   0.04864   0.01099  0.004507   0.06413         4       640     0.883    0.8732    0.8803    0.4035   0.05051   0.01469   0.00349
    37/299     2.52G   0.04644   0.01087  0.004263   0.06157         7       640    0.9036    0.9155    0.9009     0.415   0.04892   0.01463  0.003571
    38/299     2.52G   0.04798   0.01037  0.004468   0.06282         8       640    0.9379    0.9156     0.925    0.4525   0.04409    0.0132  0.003367
    39/299     2.52G   0.04691   0.01074  0.004631   0.06228         2       640    0.9113    0.8949    0.9055    0.4139   0.04882   0.01405  0.003395
    40/299     2.52G   0.04782   0.01083   0.00456   0.06321         8       640    0.9234    0.8949    0.8746    0.4383   0.04628   0.01498  0.003547
    41/299     2.52G   0.04686   0.01055  0.004353   0.06177         3       640    0.9101    0.9158    0.8967    0.4703   0.04471   0.01596  0.003416
    42/299     2.52G   0.04599   0.01014  0.004456   0.06059         2       640    0.8811    0.9158     0.894    0.4383   0.04666   0.01554  0.003671
    43/299     2.52G   0.04576   0.01019  0.004412   0.06037         8       640    0.8833     0.874    0.8676    0.4362   0.04582   0.01487  0.003537
    44/299     2.52G   0.04612   0.01019  0.004356   0.06066         2       640    0.9166    0.9158    0.9085    0.4044   0.04835   0.01502  0.003521
    45/299     2.52G   0.04775  0.009989  0.004146   0.06189         4       640    0.9159    0.8514    0.8702    0.4219   0.05059   0.01623  0.004084
    46/299     2.52G   0.04677   0.01039  0.004535    0.0617         2       640    0.8456    0.8523    0.8353    0.4294   0.04947   0.01595  0.003538
    47/299     2.52G   0.04738   0.01031  0.004381   0.06208         4       640    0.8954    0.8949    0.8941    0.4072   0.04747   0.01458  0.003242
    48/299     2.52G   0.04544   0.01025  0.004239   0.05992         6       640     0.895    0.7899    0.8135     0.383   0.05153    0.0154  0.003452
    49/299     2.52G   0.04602   0.01095  0.004121   0.06109         6       640    0.8888    0.8948    0.8811    0.4655   0.04517   0.01417    0.0035
    50/299     2.52G   0.04413   0.01006    0.0042   0.05839         2       640    0.8888    0.8949    0.8649    0.4746   0.04567   0.01494  0.003637
    51/299     2.52G   0.04384  0.009965  0.004046   0.05785         2       640     0.874    0.8741    0.8426    0.4398    0.0464   0.01452   0.00354
    52/299     2.52G   0.04431   0.01063  0.004077   0.05902         2       640    0.8429    0.8323    0.8046    0.3883   0.05004   0.01522  0.003299
    53/299     2.52G   0.04461   0.01002  0.004246   0.05888         2       640    0.8871    0.8391     0.847    0.4178   0.04765    0.0151  0.003415
    54/299     2.52G   0.04541   0.01046  0.004388   0.06025         7       640     0.931    0.8939    0.8764    0.4485   0.04803   0.01553  0.003748
    55/299     2.52G   0.04407   0.01002  0.004158   0.05824         2       640    0.8771    0.8714    0.8731    0.4505   0.04648   0.01571   0.00363
    56/299     2.52G   0.04511   0.01041  0.004044   0.05957         6       640    0.9274    0.8949    0.9061    0.4421   0.04698    0.0157  0.003946
    57/299     2.52G   0.04314    0.0104  0.004046   0.05758         2       640    0.9322    0.8831    0.8971    0.4206   0.04661   0.01583  0.004135
    58/299     2.52G   0.04235   0.01027  0.004146   0.05676         0       640    0.9323    0.8829    0.9057    0.4446   0.04543   0.01559  0.003868
    59/299     2.52G   0.04355   0.01003   0.00385   0.05742         7       640    0.9004    0.9157    0.9033    0.4406   0.04728   0.01559  0.003789
    60/299     2.52G   0.04368   0.01048  0.003897   0.05806         6       640    0.9174    0.9366     0.903    0.4487   0.04503   0.01493  0.003525
    61/299     2.52G   0.04328   0.01039  0.004085   0.05776         0       640      0.95    0.9158    0.9079      0.47   0.04391    0.0145  0.003326
    62/299     2.52G    0.0433  0.009981  0.004029   0.05731         2       640    0.9321    0.8948    0.8995    0.4824   0.04556    0.0147   0.00386
    63/299     2.52G   0.04247   0.01007  0.003812   0.05635         2       640    0.9326    0.8901    0.8869    0.4625   0.04507   0.01535  0.004079
    64/299     2.52G   0.04275  0.009639   0.00404   0.05643         0       640    0.9211    0.8098    0.8447    0.4063   0.04506    0.0164  0.003756
    65/299     2.52G   0.04211  0.009552  0.004142   0.05581         4       640    0.8524    0.8512    0.8535    0.4826   0.04247   0.01642  0.003988
    66/299     2.52G   0.04208  0.009842  0.003971   0.05589         2       640    0.9501    0.8306    0.8548    0.3812   0.04674   0.01813  0.003749
    67/299     2.52G   0.04236    0.0101  0.004078   0.05654         2       640    0.9255    0.8097    0.8327    0.4146   0.04463   0.01724  0.003871
    68/299     2.52G   0.04158  0.009438  0.003825   0.05484         7       640    0.9238    0.8297    0.8597    0.4122    0.0462   0.01712  0.003149
    69/299     2.52G   0.04147  0.009595  0.003841    0.0549         4       640    0.8903    0.8089    0.8226      0.42    0.0462   0.01846  0.003498
    70/299     2.52G   0.04137      0.01  0.003879   0.05525         6       640    0.9482    0.7717    0.8395    0.4474   0.04624   0.01884  0.003715
    71/299     2.52G   0.04031   0.00958  0.003779   0.05366         0       640    0.8999    0.7655    0.7919    0.4232   0.04665    0.0186  0.003728
    72/299     2.52G   0.04141  0.009479  0.004168   0.05505         2       640    0.9275    0.8124    0.8648    0.4307   0.04487   0.01729  0.003387
    73/299     2.52G   0.04003      0.01  0.003677   0.05371         0       640    0.9145    0.7663    0.8306    0.3921    0.0474   0.01999   0.00362
    74/299     2.52G   0.04139  0.009675  0.003824   0.05489         2       640    0.9299     0.837    0.8504      0.38   0.04642   0.02127  0.003629
    75/299     2.52G   0.04187  0.009223  0.003838   0.05493         2       640    0.8772    0.7547     0.771    0.4055   0.04554   0.02164  0.003999
    76/299     2.52G   0.04032  0.009492   0.00372   0.05354         8       640    0.9006    0.7764    0.7926    0.4127   0.04614   0.01996  0.003622
    77/299     2.52G   0.04103   0.00966  0.003807    0.0545         4       640    0.9224    0.7559    0.7923     0.399   0.04574    0.0215  0.004755
    78/299     2.52G   0.04054  0.009711  0.003732   0.05398         4       640    0.8696     0.714    0.7858    0.4154   0.04381   0.01906  0.003811
    79/299     2.52G   0.04059  0.009577  0.003688   0.05385        10       640    0.9191     0.741    0.8051    0.3927   0.04516   0.01884  0.003985
    80/299     2.52G   0.04092  0.009361  0.003819    0.0541         4       640    0.8894    0.7246    0.7747    0.4036   0.04712    0.0206   0.00413
    81/299     2.52G      0.04  0.009651  0.003746   0.05339         6       640    0.8587    0.7038    0.7389    0.3868   0.04695   0.02169  0.004711
    82/299     2.52G   0.04024  0.009524  0.003868   0.05363         2       640    0.8876    0.7455    0.7656    0.4046   0.04634   0.02105  0.004915
    83/299     2.52G   0.04076  0.009136  0.003828   0.05372         2       640    0.9217    0.7572    0.7585    0.4164   0.04662   0.02195  0.005268
    84/299     2.52G   0.03936  0.009615  0.003889   0.05286         2       640    0.8747    0.7432    0.7527    0.3887   0.04713   0.02048   0.00433
    85/299     2.52G   0.03976  0.009435   0.00376   0.05296         7       640    0.9345     0.766     0.781    0.3827   0.04735   0.02255   0.00531
    86/299     2.52G   0.04004  0.009384  0.003491   0.05291         4       640    0.9624    0.7671    0.8184    0.4064   0.04722   0.02288  0.006919
    87/299     2.52G   0.03967  0.009168  0.003811   0.05265         2       640     0.948    0.7777     0.817    0.4147   0.04672   0.02152  0.004645
    88/299     2.52G   0.03939  0.008926  0.003634   0.05195         3       640    0.9174    0.7152    0.7441    0.3939   0.04685   0.02378  0.005136
    89/299     2.52G   0.03902  0.009162  0.003754   0.05194         7       640    0.9434    0.7118    0.7207    0.3782    0.0481   0.02531  0.005429
    90/299     2.52G   0.03816  0.009331  0.003683   0.05118         5       640    0.9169     0.709    0.7269    0.3543   0.05068    0.0269  0.006951
    91/299     2.52G   0.03899  0.009657  0.003585   0.05223         2       640    0.9037    0.7932    0.8435    0.4438   0.04167   0.01711  0.003773
    92/299     2.52G   0.03846  0.009284  0.003576   0.05132         7       640     0.949    0.7927    0.8225      0.38   0.04395   0.02022  0.003744
    93/299     2.52G   0.03848  0.009171  0.003626   0.05128         8       640    0.9451    0.7331    0.7947    0.4154   0.04414   0.02164  0.004441
    94/299     2.52G   0.03887  0.009393   0.00367   0.05193         6       640    0.9346    0.7028    0.7627     0.371   0.04581   0.02339  0.005088
    95/299     2.52G   0.03887  0.009353  0.003624   0.05185         5       640    0.9396    0.7237    0.7609    0.4138   0.04522   0.02372  0.005607
    96/299     2.52G    0.0385   0.00886  0.003888   0.05124         4       640     0.945    0.7338    0.7923    0.4153   0.04461   0.02197  0.004518
    97/299     2.52G    0.0381  0.009223  0.003677     0.051         0       640    0.9677    0.7237    0.8056    0.4075   0.04451   0.02182  0.003874
    98/299     2.52G   0.03825  0.009245  0.003682   0.05118         5       640    0.9637    0.7237    0.8092    0.4271   0.04321   0.02242  0.003846
    99/299     2.52G   0.03796  0.009063  0.003726   0.05075         2       640    0.9041    0.7237    0.7862    0.4072   0.04529   0.02337  0.003993
   100/299     2.52G   0.03868  0.009444  0.003575    0.0517         2       640    0.9204    0.7363    0.7894    0.4065   0.04483   0.02346  0.004444
   101/299     2.52G   0.03803  0.009232  0.003646    0.0509         5       640     0.939    0.7237    0.7638    0.4176   0.04516   0.02394  0.004898
   102/299     2.52G   0.03809  0.009199  0.003604   0.05089         4       640    0.9598     0.702    0.7224    0.3656   0.04817   0.02726  0.006955
   103/299     2.52G   0.03789  0.008724  0.003601   0.05021         0       640    0.9374    0.6821    0.7319    0.3804   0.04725   0.02546  0.005164
   104/299     2.52G   0.03781  0.009555  0.003545   0.05091         6       640    0.9434     0.702    0.7182    0.3723    0.0475   0.02599  0.004764
   105/299     2.52G   0.03742  0.008969  0.003512    0.0499         4       640    0.9687    0.7237    0.7662    0.4018   0.04537   0.02499  0.004346
   106/299     2.52G   0.03679  0.009254  0.003533   0.04958         7       640    0.9168    0.7055    0.7435    0.3804   0.04702   0.02471  0.004249
   107/299     2.52G   0.03749  0.008984  0.003553   0.05003         2       640    0.9387    0.7029      0.77    0.3973     0.046    0.0247  0.004614
   108/299     2.52G   0.03683  0.008959  0.003462   0.04925         2       640    0.9382    0.7237    0.7538    0.3737   0.04766   0.02579  0.004843
   109/299     2.52G   0.03791  0.009083  0.003567   0.05056         5       640    0.9709     0.707    0.7439    0.3869   0.04849   0.02666  0.006536
   110/299     2.52G   0.03749   0.00936  0.003543   0.05039         8       640    0.9703    0.7237    0.7556    0.4062    0.0466   0.02488  0.004609
   111/299     2.52G   0.03667  0.008868  0.003538   0.04908         6       640    0.9636    0.7237    0.7502    0.4062   0.04532   0.02452  0.004084
   112/299     2.52G   0.03691  0.009047  0.003621   0.04958         2       640    0.9667    0.7237    0.7595    0.4091   0.04635   0.02586  0.004447
   113/299     2.52G   0.03671  0.009244  0.003402   0.04936         0       640    0.9647    0.7446    0.7737    0.3881   0.04657    0.0255  0.005242
   114/299     2.52G   0.03626  0.008947  0.003287   0.04849         0       640    0.9362    0.7237    0.7498    0.4041   0.04573    0.0256  0.005281
   115/299     2.52G   0.03678  0.008698   0.00375   0.04923         4       640     0.967    0.7237    0.7535    0.4077    0.0453   0.02542  0.004876
   116/299     2.52G   0.03695  0.008844  0.003452   0.04925         6       640    0.9686    0.7237    0.7516    0.3876   0.04615   0.02659  0.004922
   117/299     2.52G   0.03691  0.008747  0.003462   0.04912         8       640    0.9347    0.7237    0.7488    0.3975   0.04497   0.02577  0.005213
   118/299     2.52G   0.03649  0.009132  0.003608   0.04923        14       640    0.9623    0.7445     0.756    0.4151   0.04632   0.02562  0.005867
   119/299     2.52G   0.03626  0.008859  0.003596   0.04872         3       640     0.971     0.709    0.7867    0.3796   0.04608   0.02466  0.004937
   120/299     2.52G   0.03468  0.008525  0.003499    0.0467         3       640    0.9709    0.7073    0.7829     0.402   0.04495   0.02429  0.004133
   121/299     2.52G   0.03567  0.008566  0.003624   0.04785         7       640    0.9709    0.7072    0.7802    0.3856   0.04593   0.02419  0.004067
   122/299     2.52G   0.03683  0.009139  0.003566   0.04954         3       640    0.9349    0.6812    0.7087    0.3597   0.04715    0.0272  0.005847
   123/299     2.52G   0.03552   0.00876   0.00337   0.04765         8       640    0.9612     0.702    0.7674    0.4211   0.04544   0.02512  0.005595
   124/299     2.52G   0.03578  0.008245  0.003515   0.04754         0       640    0.9638     0.702    0.7388    0.3961   0.04562   0.02565  0.005782
   125/299     2.52G   0.03628  0.008985   0.00361   0.04888         5       640    0.9722    0.7871    0.8252    0.4103   0.04429    0.0216  0.004948
   126/299     2.52G   0.03621  0.008834   0.00325    0.0483        10       640    0.9363    0.7237    0.7472    0.3838   0.04802   0.02541  0.006313
   127/299     2.52G   0.03559  0.008639    0.0036   0.04783         2       640    0.9385    0.7237    0.7302    0.3801   0.04602   0.02525  0.005793
   128/299     2.52G   0.03593  0.009021  0.003432   0.04839         8       640    0.9404    0.7029     0.716    0.4005   0.04629   0.02611  0.005964
   129/299     2.52G   0.03424  0.008475  0.003368   0.04609         2       640    0.9372    0.7237    0.7375    0.3802   0.04555   0.02488  0.004379
   130/299     2.52G   0.03522  0.008766  0.003569   0.04755         6       640    0.9412    0.7028    0.7141    0.3979   0.04615   0.02545  0.004963
   131/299     2.52G    0.0348  0.008544  0.003456    0.0468         7       640    0.9711    0.7093    0.7333    0.3908   0.04621    0.0269  0.005772
   132/299     2.52G   0.03393  0.008321  0.003387   0.04564         0       640    0.9712    0.7102    0.7402     0.397   0.04699   0.02745  0.007175
   133/299     2.52G   0.03396  0.008742   0.00329   0.04599         2       640    0.9623     0.702    0.7118    0.3853   0.04673   0.02819  0.006462
   134/299     2.52G   0.03449  0.008923  0.003519   0.04693         4       640    0.9324    0.6812    0.6937    0.3938   0.04614   0.02713  0.006572
   135/299     2.52G    0.0349  0.008507  0.003512   0.04691         5       640    0.9631     0.702    0.7119    0.3826   0.04776   0.02798  0.007151
   136/299     2.52G   0.03487  0.008369  0.003476   0.04671        11       640    0.9635     0.702    0.7109    0.3888    0.0474   0.02768  0.006439
   137/299     2.52G   0.03518  0.008343  0.003446   0.04697         2       640    0.9608     0.702    0.7528    0.4136   0.04336    0.0241  0.004461
   138/299     2.52G   0.03371  0.008565  0.003452   0.04573         0       640    0.9623     0.702    0.6983    0.3827   0.04631   0.02816  0.005492
   139/299     2.52G   0.03449  0.008381  0.003634    0.0465         0       640    0.9639     0.702    0.6926    0.3701   0.04932   0.02815  0.006792
   140/299     2.52G   0.03444  0.008795  0.003468    0.0467         9       640    0.9616     0.702    0.6965    0.3646   0.04907   0.02846  0.007475
   141/299     2.52G   0.03446  0.008293  0.003372   0.04612         0       640    0.9634     0.702    0.7062    0.3796   0.04682   0.02783  0.005872
   142/299     2.52G   0.03417  0.008323  0.003605    0.0461         8       640    0.9632     0.702    0.7007    0.4041   0.04604   0.02887  0.006766
   143/299     2.52G    0.0337  0.008078  0.003488   0.04527         4       640    0.9618     0.702    0.6982    0.3889   0.04717   0.02816  0.007481
   144/299     2.52G   0.03413  0.008194  0.003517   0.04584         8       640    0.9629     0.702    0.7058      0.38   0.04644   0.02752  0.006092
   145/299     2.52G    0.0332  0.007748  0.003431   0.04438         7       640     0.932    0.6812    0.7002    0.3768   0.04578   0.02836  0.006116
   146/299     2.52G   0.03386  0.008211  0.003555   0.04563         2       640    0.9635     0.702      0.73    0.3868   0.04605   0.02714  0.006488
   147/299     2.52G   0.03208  0.008264  0.003197   0.04354         7       640    0.9624     0.702     0.699    0.3626   0.04687   0.02876  0.008141
   148/299     2.52G   0.03384  0.008389  0.003448   0.04568         5       640    0.9339    0.6812    0.6793    0.3752   0.04728   0.02912  0.007599
   149/299     2.52G   0.03393  0.008675  0.003399     0.046        13       640    0.9634     0.702    0.6973     0.379   0.04798   0.02906  0.007821
   150/299     2.52G   0.03398  0.008081  0.003437   0.04549         4       640    0.9646     0.702    0.6927    0.3784   0.04852   0.02952   0.00868
   151/299     2.52G   0.03321  0.008556  0.003354   0.04512         2       640    0.9348    0.6812    0.6849    0.3958   0.04808   0.02874  0.007343
   152/299     2.52G   0.03325  0.008158  0.003346   0.04475         2       640    0.9342    0.6812    0.6877    0.3767   0.04951   0.02959  0.007319
   153/299     2.52G   0.03303  0.008187  0.003273   0.04449        11       640    0.9634     0.702     0.711    0.3993   0.04795   0.02957  0.007563
   154/299     2.52G   0.03206  0.007739  0.003258   0.04305         2       640    0.9642     0.702    0.7088    0.3969   0.04886   0.02832  0.009743
   155/299     2.52G   0.03255  0.007995  0.003419   0.04396         0       640    0.9647     0.702    0.7046      0.39   0.04865   0.02911  0.008827
   156/299     2.52G   0.03273  0.008305  0.003383   0.04442         6       640    0.9344    0.6811     0.673    0.3765   0.04874   0.02811  0.007884
   157/299     2.52G   0.03324  0.008178  0.003454   0.04487         5       640    0.9345    0.6812    0.7023    0.3945   0.04719   0.02755  0.006449
   158/299     2.52G   0.03257  0.008009  0.003279   0.04386         8       640    0.9636     0.702    0.7058    0.3813   0.04862   0.02886  0.008443
   159/299     2.52G   0.03253  0.008045  0.003357   0.04393         2       640    0.9351    0.6812    0.6848     0.384   0.04771   0.02824  0.007539
   160/299     2.52G   0.03224  0.008242  0.003296   0.04378         2       640    0.9337    0.6812    0.6786    0.3921   0.04824    0.0288  0.007297
   161/299     2.52G   0.03202  0.008118  0.003286   0.04343         2       640    0.9339    0.6812    0.6829    0.3884   0.04924   0.02895  0.007426
   162/299     2.52G   0.03184  0.007782  0.003517   0.04314         4       640    0.9352    0.6603    0.6657    0.3777    0.0482   0.02897  0.007179
   163/299     2.52G    0.0322   0.00826   0.00341   0.04387         7       640    0.9302    0.6812    0.6867    0.3871   0.04832   0.02946  0.007108
   164/299     2.52G   0.03287  0.008083  0.003578   0.04453         6       640    0.9339    0.6812    0.6698    0.3687   0.04968   0.02934  0.007926
   165/299     2.52G   0.03187  0.008078  0.003394   0.04334         5       640     0.932    0.6811    0.6838    0.3791   0.04822   0.02827  0.006729
   166/299     2.52G   0.03192  0.007944  0.003482   0.04335         2       640    0.9625     0.702     0.708    0.3946   0.04719   0.02871  0.006467
   167/299     2.52G   0.03225  0.007902  0.003278   0.04343         2       640    0.9638     0.702     0.715    0.3784   0.04753   0.02865   0.00709
   168/299     2.52G   0.03201  0.008172  0.003456   0.04364         4       640    0.9608     0.702    0.6976    0.3697   0.04865   0.02966  0.007704
   169/299     2.52G   0.03099  0.007879  0.003177   0.04204         0       640    0.9643     0.681    0.6841    0.3653   0.04861    0.0295  0.007498
   170/299     2.52G   0.03119  0.007862   0.00335    0.0424         2       640    0.9342    0.6812    0.6891    0.3801   0.04755   0.02896  0.008275
   171/299     2.52G   0.03137  0.007835  0.003239   0.04245         5       640     0.964     0.702    0.6995    0.3811   0.04758   0.02836  0.008352
   172/299     2.52G   0.03206  0.008259  0.003521   0.04384        10       640    0.9654    0.6395    0.6842    0.3901    0.0474   0.02894  0.007132
   173/299     2.52G   0.03161  0.008141  0.003416   0.04317         6       640    0.9631     0.702    0.7023    0.3832   0.04803   0.02948  0.007332
   174/299     2.52G   0.03204  0.007838  0.003256   0.04313         6       640    0.9622     0.702    0.6925     0.377   0.05045   0.02831  0.009692
   175/299     2.52G   0.03079  0.007881  0.003078   0.04175         2       640    0.9615     0.702    0.6944    0.3725   0.04997   0.02909  0.008812
   176/299     2.52G   0.03107   0.00764  0.003295     0.042         4       640    0.9638    0.6812    0.6887    0.3769   0.04961   0.02976  0.008055
   177/299     2.52G   0.03092  0.007685  0.003226   0.04183         0       640    0.9647    0.6812    0.6957    0.3813   0.04813   0.02901  0.007504
   178/299     2.52G    0.0309  0.007951  0.003207   0.04206         9       640    0.9642     0.702    0.7054    0.3815   0.04683   0.02855  0.006805
   179/299     2.52G    0.0299  0.007686  0.003257   0.04084         0       640    0.9649     0.702    0.7013    0.3804   0.04781   0.02827  0.008015
   180/299     2.52G   0.02998  0.007895   0.00326   0.04113         6       640    0.9641     0.702    0.7025    0.3845   0.04871   0.02751  0.009174
   181/299     2.52G   0.03165  0.007989  0.003415   0.04306         6       640    0.9637     0.702    0.6913    0.3781   0.04982   0.02771   0.00977
   182/299     2.52G   0.03054  0.007454  0.003338   0.04133         5       640    0.9633     0.702    0.6942     0.389   0.04868   0.02841   0.00937
   183/299     2.52G   0.03072  0.007572  0.003328   0.04162         5       640    0.9645     0.702    0.6948    0.3921   0.04886   0.02828  0.009268
   184/299     2.52G   0.03068  0.007977  0.003303   0.04196         5       640    0.9341    0.6812    0.6671    0.3771   0.04885   0.02804  0.008006
   185/299     2.52G   0.03024  0.007488  0.003148   0.04088         3       640    0.9351    0.6812    0.6865    0.3677    0.0506   0.02786  0.008321
   186/299     2.52G   0.03106  0.007649  0.003341   0.04205         6       640    0.9633     0.702    0.6974    0.3671   0.05183   0.02794   0.01003
   187/299     2.52G   0.02999  0.007752   0.00317   0.04091         9       640     0.963     0.702    0.6946     0.357   0.05149   0.02766  0.009564
   188/299     2.52G   0.03077  0.007809  0.003245   0.04182         7       640     0.962     0.702    0.6954    0.3658   0.05171   0.02774   0.01094
   189/299     2.52G   0.03037  0.007829  0.003294   0.04149         8       640    0.9618     0.702    0.7054    0.3777   0.04954   0.02803  0.008848
   190/299     2.52G   0.02945  0.007271  0.003115   0.03983         2       640    0.9637    0.7019    0.7041     0.363   0.04999   0.02831  0.008855
   191/299     2.52G   0.02957  0.007739  0.003113   0.04042         3       640    0.9645    0.6808     0.693    0.3705   0.04981   0.02833  0.008359
   192/299     2.52G   0.02979  0.007385  0.003266   0.04044         7       640    0.9655    0.6799    0.6786    0.3912   0.04892   0.02839  0.009481
   193/299     2.52G   0.03014  0.007845  0.003237   0.04122         8       640    0.9624     0.702     0.695    0.3989   0.04975   0.02842   0.01076
   194/299     2.52G   0.02953  0.007721  0.003409   0.04066         4       640     0.964     0.702    0.6941    0.3827   0.04931   0.02929  0.009129
   195/299     2.52G   0.02942  0.007415  0.003232   0.04007         4       640    0.9639     0.702    0.6922    0.3975    0.0494   0.02835   0.01028
   196/299     2.52G   0.02945  0.007561  0.003306   0.04032         2       640    0.9651     0.702    0.7035    0.4003   0.04826   0.02886  0.008832
   197/299     2.52G   0.03063  0.007879  0.003433   0.04194         8       640    0.9639     0.702    0.7023    0.3996   0.04983   0.02851  0.008947
   198/299     2.52G   0.02954  0.007551  0.003267   0.04035         4       640    0.9641     0.702       0.7    0.3968   0.04936   0.02798  0.009081
   199/299     2.52G   0.02972  0.007639  0.003238   0.04059         5       640    0.9634     0.702    0.6982    0.3964   0.04904   0.02819  0.008484
   200/299     2.52G   0.02924  0.007378  0.003249   0.03987         4       640    0.9645     0.702    0.7006    0.3705    0.0492   0.02821  0.008497
   201/299     2.52G   0.02988  0.007458  0.003236   0.04057         2       640    0.9643     0.702    0.7019    0.3958   0.04881   0.02813  0.008656
   202/299     2.52G   0.02959  0.007699  0.003184   0.04047         2       640     0.964     0.702     0.695    0.3935   0.04907   0.02843  0.008687
   203/299     2.52G   0.02926  0.007631  0.003311    0.0402         2       640    0.9637     0.702    0.6951    0.3958   0.04913   0.02839   0.00883
   204/299     2.52G   0.02836  0.007351  0.003106   0.03881         0       640    0.9641     0.702    0.6946    0.3957   0.04935   0.02867  0.009376
   205/299     2.52G   0.02897  0.007151  0.003203   0.03932         5       640    0.9647     0.702    0.7002    0.3945   0.04976   0.02798  0.009156
   206/299     2.52G   0.02866  0.007347  0.003122   0.03913         2       640    0.9644     0.702    0.6991    0.3969   0.04973   0.02894  0.008743
   207/299     2.52G   0.02894  0.007484  0.003366   0.03979         4       640    0.9646     0.702    0.6962    0.3924   0.04847   0.02933  0.006772
   208/299     2.52G    0.0287   0.00718  0.003229   0.03911         2       640    0.9645     0.702    0.6992    0.3864   0.04937   0.02842  0.006731
   209/299     2.52G   0.02873  0.007082  0.003216   0.03903         2       640    0.9644     0.702    0.6966    0.3796   0.04962    0.0296  0.007591
   210/299     2.52G   0.02899  0.007293   0.00343   0.03971         6       640    0.9647     0.702    0.6935     0.387   0.04915   0.02933  0.008648
   211/299     2.52G   0.02889  0.007395  0.003208   0.03949         2       640    0.9652     0.702    0.6942    0.3888   0.05013    0.0286   0.00958
   212/299     2.52G   0.02853   0.00737  0.003316   0.03922         6       640     0.965     0.702    0.6963    0.3865   0.05052   0.02889   0.01007
   213/299     2.52G   0.02839  0.007119  0.003188    0.0387         0       640    0.9654     0.702    0.6946    0.3802   0.05034   0.02872  0.009666
   214/299     2.52G   0.02827  0.007421  0.003147   0.03884         4       640    0.9659     0.702    0.6954    0.3879   0.04942   0.02858  0.008729
   215/299     2.52G   0.02787  0.007259  0.003026   0.03815         2       640    0.9652     0.702    0.6959    0.3904   0.04943   0.02937  0.008311
   216/299     2.52G   0.02832  0.007532  0.002964   0.03882         2       640    0.9641     0.702    0.6994    0.3891   0.05047   0.02885  0.009334
   217/299     2.52G   0.02835  0.007216  0.003259   0.03883         4       640    0.9346    0.6812    0.6675    0.3702    0.0509   0.02861  0.009669
   218/299     2.52G   0.02781  0.007382  0.003178   0.03837         2       640     0.964     0.702     0.691    0.3828   0.04954   0.02916  0.009275
   219/299     2.52G   0.02881  0.007283  0.003189   0.03928         2       640    0.9653     0.702    0.6952    0.3917   0.04962   0.02886  0.008837
   220/299     2.52G   0.02787  0.007155  0.003093   0.03811         0       640    0.9653     0.702    0.6965    0.3862   0.05005   0.02902  0.008937
   221/299     2.52G    0.0274  0.007082   0.00297   0.03745         2       640    0.9656     0.702    0.7059    0.3922   0.05092   0.02924  0.008511
   222/299     2.52G   0.02839  0.007223  0.002998   0.03861         5       640    0.9667     0.702    0.6958    0.3981   0.05067   0.02941  0.008793
   223/299     2.52G   0.02699  0.007145  0.003114   0.03725         2       640    0.9655     0.702    0.6956    0.3911   0.05143   0.02921   0.01011
   224/299     2.52G   0.02824  0.007327  0.003211   0.03877         2       640    0.9653     0.702     0.697    0.3899   0.05052   0.02846  0.009904
   225/299     2.52G   0.02809  0.007203   0.00321   0.03851         6       640    0.9653     0.702    0.6982    0.3916    0.0491   0.02938   0.00887
   226/299     2.52G   0.02759  0.007078  0.003119   0.03779         2       640    0.9653     0.702    0.6968    0.3843   0.05039   0.02905  0.009697
   227/299     2.52G   0.02719  0.006907  0.003161   0.03726         4       640    0.9648     0.702    0.6948    0.3812   0.05101   0.02905  0.009775
   228/299     2.52G   0.02734   0.00733  0.002974   0.03764        10       640    0.9645     0.702    0.6946    0.3789   0.04967    0.0305  0.009475
   229/299     2.52G   0.02766  0.007025  0.003207   0.03789         2       640    0.9644    0.6602    0.6785    0.3694   0.04948   0.03044   0.00955
   230/299     2.52G   0.02717  0.006977  0.003109   0.03726         2       640    0.9647    0.6602    0.6746    0.3869   0.04901   0.03122  0.009395
   231/299     2.52G   0.02741  0.007149  0.003089   0.03765         7       640    0.9334    0.6812    0.6757    0.3962   0.05047   0.03044   0.01068
   232/299     2.52G   0.02753  0.007348  0.003077   0.03796        10       640    0.9639     0.702    0.6984    0.3789   0.05173    0.0307   0.01034
   233/299     2.52G   0.02751  0.007135  0.003077   0.03772         2       640    0.9649     0.702    0.7014    0.4073   0.05244   0.02845   0.01225
   234/299     2.52G   0.02726  0.007043     0.003    0.0373         6       640    0.9656     0.702    0.7026    0.4094   0.05191     0.029   0.01178
   235/299     2.52G   0.02793  0.006938  0.003186   0.03805         4       640    0.9365    0.6812    0.6798    0.3857   0.05024   0.02999   0.00959
   236/299     2.52G   0.02783  0.006997  0.003133   0.03797         5       640    0.9365    0.6812    0.6783    0.3846   0.04992   0.02989   0.01006
   237/299     2.52G   0.02716  0.007102  0.003064   0.03733         6       640    0.9656    0.6803    0.6823    0.3848   0.04945   0.03038  0.009456
   238/299     2.52G   0.02675  0.007008  0.003078   0.03683         4       640    0.9646    0.6812    0.6823    0.3807   0.05045   0.03145   0.01004
   239/299     2.52G   0.02717  0.007381  0.003004   0.03755         4       640    0.9645     0.702    0.7073    0.3796   0.05109   0.03108  0.009411
   240/299     2.52G   0.02693  0.006989  0.002935   0.03685         4       640    0.9351    0.6812    0.6823    0.3978   0.05101   0.02988  0.009942
   241/299     2.52G   0.02687  0.007042  0.003055   0.03696         4       640     0.964     0.702    0.7003    0.3948   0.05115   0.02986  0.009395
   242/299     2.52G   0.02731   0.00718  0.003145   0.03764         4       640    0.9644     0.702    0.6985    0.3968    0.0504   0.02941  0.009745
   243/299     2.52G   0.02705  0.007365  0.003208   0.03762         2       640    0.9648     0.702    0.6968    0.3854   0.04966   0.02978  0.008982
   244/299     2.52G   0.02613  0.007013   0.00302   0.03616         3       640    0.9367    0.6812    0.6895    0.3974   0.05076   0.03029  0.009395
   245/299     2.52G   0.02699  0.006746  0.003116   0.03685         2       640    0.9363    0.6812    0.6746    0.3895   0.05033   0.03056  0.008973
   246/299     2.52G   0.02654  0.006991  0.003064   0.03659         2       640    0.9658    0.6805    0.6817    0.3975   0.04991   0.03032  0.008881
   247/299     2.52G   0.02642  0.006985  0.002901   0.03631         2       640    0.9657    0.6812    0.6749    0.3898   0.05071   0.02924   0.01021
   248/299     2.52G   0.02605  0.006831  0.002981   0.03586         6       640    0.9662     0.702    0.6968    0.3917   0.05119   0.02962   0.01055
   249/299     2.52G   0.02667  0.007276  0.003011   0.03696         8       640    0.9653     0.702    0.6968    0.4012   0.05078   0.02901   0.01026
   250/299     2.52G   0.02689  0.006924  0.003173   0.03699         4       640    0.9655     0.702    0.6954    0.3939   0.05104   0.02927   0.01065
   251/299     2.52G    0.0263  0.007046  0.003009   0.03635         8       640    0.9364    0.6812    0.6795    0.3781   0.05079   0.02985  0.009894
   252/299     2.52G   0.02655  0.006731  0.003014    0.0363         2       640    0.9657    0.6807    0.6889     0.391   0.05123   0.02931   0.01045
   253/299     2.52G   0.02707  0.007337  0.003258   0.03766         7       640    0.9362    0.6812    0.6944    0.3922   0.05047    0.0302  0.009717
   254/299     2.52G    0.0264  0.006639  0.003042   0.03608         4       640    0.9657    0.6603    0.6773    0.3935   0.04981   0.03019  0.009382
   255/299     2.52G   0.02636  0.006796  0.002976   0.03614         8       640    0.9639     0.702    0.6969    0.3753   0.05052   0.03005  0.009156
   256/299     2.52G   0.02674  0.006611  0.003124   0.03647         0       640    0.9349    0.6812    0.6923    0.3875   0.05046   0.03056   0.00952
   257/299     2.52G   0.02695  0.006915  0.003008   0.03688         2       640    0.9653     0.702     0.698      0.39   0.04998   0.02997  0.009175
   258/299     2.52G   0.02586  0.006565  0.002936   0.03537         2       640    0.9642    0.6812    0.6814    0.3881   0.05061   0.03035  0.009131
   259/299     2.52G   0.02644   0.00676  0.003056   0.03626         1       640    0.9649     0.702    0.7054    0.3879   0.05126   0.03031  0.009381
   260/299     2.52G   0.02589  0.006594  0.003065   0.03555         2       640    0.9648     0.702    0.7034    0.3933   0.05055   0.03068  0.009674
   261/299     2.52G   0.02592  0.006923  0.002965   0.03581         2       640    0.9632     0.702    0.7005    0.3808   0.05152   0.03081   0.01001
   262/299     2.52G   0.02666  0.006932  0.003187   0.03678         8       640     0.965     0.702    0.6994    0.3919   0.05118    0.0304   0.01022
   263/299     2.52G   0.02635  0.006715  0.003099   0.03617         4       640    0.9652     0.702    0.6992    0.3963   0.05045   0.03054   0.01006
   264/299     2.52G   0.02544  0.006665  0.002957   0.03506         4       640    0.9638     0.702    0.6977    0.3866   0.05018   0.03053  0.009911
   265/299     2.52G    0.0263  0.006652  0.003049     0.036         4       640    0.9644     0.702    0.6981    0.3952   0.05042   0.03106   0.01001
   266/299     2.52G   0.02582  0.006882  0.003076   0.03578         2       640    0.9648     0.702    0.6952    0.3852   0.05017   0.03087  0.009547
   267/299     2.52G   0.02535  0.006595  0.002975   0.03493         0       640    0.9642     0.702    0.6914    0.3855   0.05059   0.03153  0.009404
   268/299     2.52G   0.02658   0.00695  0.003038   0.03657         9       640    0.9644     0.702     0.699    0.3948   0.04991   0.03054  0.009273
   269/299     2.52G   0.02594  0.006483  0.002933   0.03535         0       640    0.9648     0.702    0.6978    0.3947   0.04997   0.03124  0.009587
   270/299     2.52G   0.02611  0.007182  0.003198   0.03649         6       640    0.9637     0.702    0.6969    0.4044   0.04976   0.03087  0.009782
   271/299     2.52G   0.02609  0.006708  0.003084   0.03588         4       640    0.9621     0.702     0.701    0.3889   0.04998    0.0309  0.009896
   272/299     2.52G   0.02593  0.006785  0.003062   0.03577         0       640    0.9606     0.702    0.7014    0.3906   0.04938   0.03101   0.01004
   273/299     2.52G   0.02538  0.006658  0.003077   0.03512         4       640    0.9639     0.702    0.7046    0.3882   0.04995   0.03109   0.01019
   274/299     2.52G    0.0254  0.006634  0.002889   0.03493         8       640    0.9639     0.702    0.7007    0.3889   0.05031   0.03156   0.01073
   275/299     2.52G   0.02515  0.006489  0.003065    0.0347         2       640    0.9639     0.702    0.6973    0.3855   0.05022   0.03177   0.01063
   276/299     2.52G   0.02609  0.006758  0.003061   0.03591         2       640    0.9636     0.702    0.6975    0.3857   0.04966   0.03175   0.01054
   277/299     2.52G   0.02507  0.006677   0.00299   0.03474         8       640    0.9647     0.702    0.6971    0.3921   0.05021   0.03112   0.01058
   278/299     2.52G   0.02575  0.006594  0.002932   0.03527         4       640    0.9356    0.6812    0.6951    0.3851   0.05051   0.03077   0.01072
   279/299     2.52G   0.02534  0.006575  0.002954   0.03487         8       640    0.9654     0.702    0.6956    0.3812   0.05071   0.03132   0.01055
   280/299     2.52G   0.02486  0.006613  0.002852   0.03433         2       640    0.9658     0.702    0.6948    0.3888    0.0505   0.03056   0.01032
   281/299     2.52G   0.02556  0.006703  0.003059   0.03532        11       640    0.9658     0.702    0.6948    0.3926   0.05003     0.031  0.009901
   282/299     2.52G   0.02499  0.006673   0.00293    0.0346         4       640    0.9656     0.702    0.7034    0.3943   0.05004   0.03148   0.01008
   283/299     2.52G   0.02496  0.006478  0.002941   0.03438         6       640    0.9654     0.702    0.6996    0.3971   0.05073   0.03153   0.01072
   284/299     2.52G   0.02532   0.00667  0.002974   0.03496         2       640    0.9656     0.702    0.6972    0.3943    0.0514   0.03084    0.0113
   285/299     2.52G   0.02581  0.006507   0.00305   0.03537         2       640    0.9646     0.702    0.6999    0.3915   0.05182   0.03133   0.01196
   286/299     2.52G   0.02542  0.006902  0.002938   0.03526         2       640    0.9645     0.702    0.6968    0.3865   0.05115   0.03097   0.01157
   287/299     2.52G   0.02553  0.007031  0.003121   0.03568         2       640    0.9646     0.702    0.6979    0.3878   0.05124   0.03108   0.01177
   288/299     2.52G    0.0244  0.006731  0.002971    0.0341         2       640    0.9638     0.702    0.6976    0.3857   0.05142   0.03107   0.01149
   289/299     2.52G   0.02536  0.006977  0.003145   0.03548         4       640    0.9628     0.702    0.7002    0.3878   0.05102   0.03048   0.01084
   290/299     2.52G   0.02525  0.006773  0.003039   0.03507         4       640    0.9629     0.702    0.6971    0.3924   0.05133   0.03104    0.0112
   291/299     2.52G    0.0253  0.006599  0.002984   0.03488         2       640    0.9647     0.702    0.7006    0.3983   0.05252   0.03039   0.01242
   292/299     2.52G   0.02466  0.006624  0.002861   0.03414         4       640    0.9634     0.702    0.6999    0.3912   0.05239   0.03045   0.01203
   293/299     2.52G   0.02622  0.006533   0.00314   0.03589         2       640    0.9639     0.702    0.6978    0.3995   0.05166   0.03024   0.01171
   294/299     2.52G   0.02525   0.00657  0.003047   0.03487         3       640    0.9642     0.702    0.6998    0.4066    0.0511   0.03134   0.01083
   295/299     2.52G   0.02547  0.006659  0.003006   0.03513         4       640    0.9634     0.702    0.6994    0.3961   0.05172   0.03107   0.01092
   296/299     2.52G   0.02477  0.006606  0.002815   0.03419         4       640    0.9631     0.702    0.6996    0.3928   0.05143   0.03114   0.01088
   297/299     2.52G    0.0246  0.006541  0.002833   0.03397         7       640    0.9643     0.702    0.6928    0.3908   0.05088   0.03058   0.01112
   298/299     2.52G   0.02468  0.006409  0.002892   0.03398         2       640    0.9643     0.702     0.699    0.3967    0.0505   0.03054   0.01149
   299/299     2.52G   0.02493  0.006783  0.002994    0.0347         8       640    0.9649     0.702    0.6972    0.3922   0.05078   0.03116   0.01128
